DE ref,Schoolname,male,female,total pupils
1010012,Belmont Primary School,143,111,254
1010063,Currie Primary School,86,89,175
1010146,Euston Street Primary School,151,190,341
1010157,Rosetta Primary School,141,138,279
1010205,Forth River Primary School,100,105,205
1010221,Springfield Primary School,93,82,175
1010232,Harding Memorial Primary School,112,97,209
1010252,Strandtown Primary School,504,472,976
1010255,Elmgrove Primary School,322,352,674
1010266,"Seaview Primary School, Belfast",224,219,443
1010267,Nettlefield Primary School,204,177,381
1010273,Orangefield Primary School,253,215,468
1010282,Carr's Glen Primary School,206,179,385
1010301,Taughmonagh Primary School,115,131,246
1010304,Greenwood Primary School,159,153,312
1010307,Springhill Primary School,64,86,150
1010323,Edenbrooke Primary School,147,153,300
1010324,Stranmillis Primary School,240,226,466
1010325,Ligoniel Primary School,91,94,185
1010806,Finaghy Primary School,218,210,428
1010831,Cavehill Primary School,221,191,412
1013018,Knocknagoney Primary School,142,131,273
1016059,Blackmountain Primary School,83,83,166
1016060,Donegall Road Primary School,140,112,252
1016076,Ballysillan Primary School,93,82,175
1016205,Fane Street Primary School,126,114,240
1016207,Blythefield Primary School,47,56,103
1016242,Dundela Infants School,144,147,291
1016485,Glenwood Primary School,255,276,531
1016498,Malvern Primary School,56,49,105
1016499,Botanic Primary School,110,108,218
1016532,Wheatfield Primary School,68,91,159
1016537,Lowwood Primary School,132,112,244
1016604,"Harmony Primary School, Belfast",119,133,252
1016647,Bunscoil Mhic Reachtain,44,48,92
1016655,Victoria Park Primary School,211,184,395
1030194,"Holy Cross Boys' Primary School, Belfast",445,0,445
1030313,"Our Lady of Lourdes Primary School, Belfast",320,319,639
1030326,"Our Lady's Primary School, Belfast",0,386,386
1030327,Holy Rosary Primary School,256,244,500
1030331,"Holy Cross Girls' Primary School, Belfast",0,188,188
1030868,"St Anne's Primary School, Belfast",499,397,896
1036041,Mercy Primary School,0,214,214
1036042,St Vincent De Paul Primary School,150,129,279
1036048,St Mary's Star of the Sea Primary School,82,63,145
1036075,St Bride's Primary School,446,432,878
1036132,St Therese of Lisieux Primary School,252,188,440
1036140,"St Michael's Primary School, Belfast",240,179,419
1036246,"St Joseph's Primary School, Holland Drive",196,188,384
1036388,"St Mary's Primary School, Divis St",62,70,132
1036466,"St Malachy's Primary School, Belfast",187,194,381
1036471,"Sacred Heart Primary School, Belfast",149,0,149
1036505,"St Matthew's Primary School, Belfast",157,144,301
1036565,St Kevin's Primary School,301,278,579
1036566,"Holy Family Primary School, Belfast",235,252,487
1036576,"Holy Child Primary School, Belfast",297,286,583
1036589,"St Teresa's Primary School, Belfast",258,248,506
1036602,"St Oliver Plunkett Primary School, Belfast",327,311,638
1036620,"St Peter's Primary School, Belfast",152,173,325
1036621,"St Joseph's Primary School, Slate Street",120,108,228
1036623,"Holy Trinity Primary School, Belfast",314,329,643
1036624,"St Paul's Primary School, Belfast",167,175,342
1036630,"St Clare's Primary School, Belfast",235,235,470
1036688,"St John The Baptist Primary School, Belfast",213,179,392
1036697,John Paul II Primary School,152,131,283
1036698,"St Patrick's Primary School, Churchill St",285,261,546
1046501,Bunscoil Phobal Feirste,177,162,339
1046571,Gaelscoil Na Bhfal,97,97,194
1046593,Bunscoil An Tsleibhe Dhuibh,81,110,191
1046596,Bunscoil Bheann Mhadagain,74,84,158
1046641,Scoil An Droichid,79,86,165
1046671,Gaelscoil na Mona,62,63,125
1046672,Gaelscoil an Lonnain,27,33,60
1056483,Cliftonville Integrated Primary School,174,158,332
1056535,Forge Integrated Primary School,183,168,351
1066531,Hazelwood Primary School,227,232,459
1066580,Cranmore Integrated Primary School,114,92,206
1620020,Campbell College Junior School,249,0,249
1620022,Fullerton House Preparatory School,84,67,151
1620023,Downey House School,60,59,119
1620027,Inchmarlo,149,0,149
1620028,Ben Madigan Preparatory School,76,55,131
1620089,Strathearn Prep Dept,0,137,137
1620264,Victoria College Prepatory School,0,152,152
2010380,Londonderry Model Primary School,166,147,313
2010382,Ebrington Controlled Primary School,256,195,451
2011787,Kesh Primary School,130,106,236
2011789,Moat Primary School,70,49,119
2011860,Belleek Primary School,17,12,29
2011873,Aghadrumsee Primary School,18,22,40
2011879,Newtownbutler Primary School,28,25,53
2011881,Florencecourt Primary School,66,58,124
2011893,Ballinamallard Primary School,89,71,160
2011894,Brookeborough Primary School,39,32,71
2011899,Derrygonnelly Primary School,37,31,68
2012052,Culmore Primary School,25,45,70
2012087,Bellarena Primary School,18,16,34
2012095,Ballougry Primary School,32,39,71
2012227,Drumahoe Primary School,160,142,302
2012245,Eglinton Primary School,100,115,215
2012261,Newbuildings Primary School,101,103,204
2012298,Ballykelly Primary School,159,156,315
2012344,McClintock Primary School,35,49,84
2012378,Dunmullan Primary School,13,23,36
2012617,Erganagh Primary School,26,14,40
2012638,Edwards Primary School,107,122,229
2012641,Killen Primary School,52,58,110
2012648,Gillygooley Primary School,14,16,30
2012660,Denamona Primary School,26,37,63
2012669,"Queen Elizabeth II Primary School, Omagh",28,17,45
2012671,Langfield Primary School,19,9,28
2012691,Omagh County Primary School,165,172,337
2012707,Dromore Primary School,23,25,48
2012708,Strabane Controlled Primary School,141,140,281
2012711,Donemana Primary School,57,47,104
2016003,Jones Memorial Primary School,104,76,180
2016029,Drumachose Primary School,169,149,318
2016068,Artigarvan Primary School,58,91,149
2016071,Greenhaw Primary School,159,156,315
2016089,Gibson Primary School,173,138,311
2016102,Tempo Primary School,55,49,104
2016124,Ashlea Primary,41,42,83
2016127,Maguiresbridge Primary School,72,43,115
2016151,Irvinestown Primary School,85,76,161
2016152,Enniskillen Model Primary School,220,212,432
2016184,Lack Primary School,25,28,53
2016203,Lisnagelvin Primary School,327,271,598
2016218,Lisbellaw Primary School,97,122,219
2016262,Newtownstewart Model Primary School,29,33,62
2016372,Cumber Claudy Primary School,72,73,145
2016395,Gortin Primary School,26,28,54
2016426,Limavady Central Primary School,215,207,422
2016442,Sion Mills Primary School,138,122,260
2016564,Fountain Primary School,59,54,113
2016645,Bready Jubilee Primary School,72,59,131
2016656,Drumrane Primary School,71,61,132
2016663,Cooley Primary School,69,68,137
2016700,Gaelscoil NeAchitain,47,46,93
2016701,Ardstraw Jubilee Primary School,44,41,85
2030364,Rosemount Primary School,164,182,346
2030373,Nazareth House Primary School,139,114,253
2030381,"Holy Child Primary School, Londonderry",115,141,256
2031828,"St Patrick's Primary School, Mullanaskea",110,97,207
2031863,Tattygar Primary School,38,37,75
2031868,"St Tierney's Primary School, Roslea",42,65,107
2031869,"St Mary's Primary School, Newtownbutler",102,78,180
2031874,"St Patrick's Primary School, Derrygonnelly",66,57,123
2031876,"St Mary's Primary School, Brookeborough",30,27,57
2031880,"St Ninnidh's Primary School, Derrylin",69,64,133
2031884,"St Mary's Primary School, Killesher",38,43,81
2031887,"St John the Baptist Primary School, Enniskillen",24,22,46
2031890,"St Mary's Primary School, Mullymesker",71,61,132
2031895,"St Mary's Primary School, Maguiresbridge",36,59,95
2031897,Killyhommon Primary School,41,32,73
2031898,"St Paul's Primary School, Irvinestown",117,114,231
2031901,"St Ronan's Primary School, Lisnaskea",184,175,359
2032212,Glendermott Primary School,75,79,154
2032263,"St Canice's Primary School, Feeny",62,54,116
2032278,Broadbridge Primary School,231,200,431
2032286,"St Matthew's Primary School, Limavady",38,45,83
2032287,Termoncanice Primary School,272,256,528
2032294,"St Mary's Primary School, Altinure",84,81,165
2032300,Listress Primary School,14,9,23
2032473,Magheralough Primary School,10,13,23
2032573,"St Brigid's Primary School, Altamuskin",36,22,58
2032603,Tummery Primary School,26,18,44
2032607,"St Mary's Primary School, Killyclogher",183,205,388
2032612,"St Matthew's Primary School, Garvaghey",14,13,27
2032628,Knocknagor Primary School,32,36,68
2032639,Drumduff Primary School,26,20,46
2032662,"St Brigid's Primary School, Mountfield",21,17,38
2032676,"St Patrick's Primary School, Gortin",40,43,83
2032677,Drumlish Primary School,31,31,62
2032682,"St Eugene's Primary School, Victoria Bridge",29,33,62
2032683,"St Joseph's Primary School, Glenmornan",18,20,38
2032684,St Lawrence's Primary School,150,112,262
2032685,"St Brigid's Primary School, Cranagh",9,13,22
2032688,"St Eugene's Primary School, Tyrcur",14,17,31
2032694,St Caireall's Primary School,48,44,92
2032700,"St Joseph's Primary School, Drumquin",70,66,136
2032704,Recarson Primary School,55,51,106
2032705,"St Patrick's Primary School, Eskra",47,48,95
2032721,"Sacred Heart Primary School, Tattyreagh",44,36,80
2032722,Altishane Primary School,5,11,16
2032723,Roscavey Primary School,36,22,58
2032724,Loughash Primary School,20,17,37
2032730,"St Columba's Primary School, Clady",70,79,149
2032731,"St Teresa's Primary School, Loughmacrory",85,72,157
2032737,"St Columbkille's Primary School, Carrickmore",189,141,330
2033706,Faughanvale Primary School,105,92,197
2033707,Mullabuoy Primary School,42,40,82
2033708,St Aidan's Primary School Magilligan,33,30,63
2036008,"St Patrick's Primary School, Newtownstewart",68,58,126
2036032,"St John's Primary School, Bligh's Lane",289,274,563
2036045,"St Canice's Primary School, Dungiven",151,175,326
2036069,"St Anne's Primary School, Derry",239,262,501
2036070,"St Joseph's Primary School, Ederney",96,58,154
2036082,"St Colmcilles Primary School, Claudy",136,127,263
2036084,Steelstown Primary School,202,174,376
2036085,St Peter's & St Paul's Primary School,27,15,42
2036090,"St Naile's Primary School, Kinawley",53,42,95
2036094,"St Patrick's Primary School, Castlederg",157,163,320
2036095,"St Mary's Primary School, Cloughcor",100,83,183
2036097,"St Peter's Primary School, Plumbridge",43,34,77
2036105,St Martin's Primary School,50,41,91
2036107,"St Joseph's Primary School, Lisnaskea",49,45,94
2036116,"St Conor's Primary School, Omagh",216,222,438
2036142,"St Brigid's Primary School, Carnhill",177,186,363
2036143,"St Oliver Plunkett Primary School, Strathfoyle",108,114,222
2036149,"St Finlough's Primary School, Sistrakeel",41,38,79
2036153,St Scire's Primary School,63,55,118
2036181,"St Mary's Primary School, Teemore",44,48,92
2036186,"St Dympna's Primary School, Dromore,",96,109,205
2036187,"St John's Primary School, Dernaflaw",71,60,131
2036213,"St Columban's Primary School, Belcoo",58,45,103
2036227,"St Paul's Primary School, Slievemore",83,82,165
2036247,"St Columba's Primary School, Newbuildings",33,30,63
2036258,"St Davog's Primary School, Belleek",45,51,96
2036259,"Sacred Heart Primary School, Trench Road",214,183,397
2036288,Good Shepherd Primary School,208,228,436
2036291,"St Oliver Plunkett Primary School, Beragh",49,55,104
2036356,"St Mary's Primary School, Tempo",60,66,126
2036387,"St Patrick's Primary School, Donemana",12,24,36
2036415,"Our Lady of Lourdes Primary School, Omagh",60,54,114
2036449,"Christ The King Primary School, Omagh",104,98,202
2036458,"St Mary?s Primary School, Gortnaghey",36,35,71
2036459,"St Theresa's Primary School, Glebe",39,62,101
2036461,"St Therese's Primary School, Lenamore",190,176,366
2036465,Chapel Road Primary School,96,111,207
2036472,"Holy Family Primary School, Ballymagroarty",234,257,491
2036473,"St Eithne's Primary School, Ballymagroarty",222,196,418
2036475,Longtower Primary School,123,146,269
2036533,Hollybush Primary School,235,215,450
2036555,"St Eugene's Primary School, Londonderry",82,81,163
2036557,All Saints Primary School,57,53,110
2036574,Bunscoil Cholmcille,55,53,108
2036581,"St Patrick's Primary School, Pennyburn",435,432,867
2036632,"Holy Trinity Primary School, Enniskillen",366,339,705
2036659,"St Macartan's Primary School, Roslea",62,59,121
2036674,"Holy Family Primary School, Omagh",174,210,384
2036696,"St Mary's Primary School, Strabane",385,360,745
2036703,St Catherine?s Primary School,233,267,500
2046638,Gaelscoil U? Dhochartaigh,90,80,170
2046646,Gaelscoil Eadain Mhoir,71,78,149
2046669,Bunscoil an Traonaigh,22,22,44
2046677,Gaelscoil na gCrann,65,92,157
2046687,Gaelscoil na Daroige,34,32,66
2046689,Gaelscoil Leim an Mhadaidh,41,41,82
2052035,Groarty Primary School,28,13,41
2066549,Enniskillen Integrated Primary School,163,174,337
2066552,Omagh Integrated Primary School,191,157,348
2066558,Oakgrove Integrated Primary School,237,215,452
2066665,Roe Valley Integrated Primary School,109,79,188
3010404,Tildarg Primary School,40,40,80
3010466,Longstone Primary School,15,17,32
3010470,Carnalbanagh Primary School,14,12,26
3010486,Larne and Inver Primary School,94,106,200
3010553,Carrickfergus Model Primary School,191,209,400
3010558,Duneane Primary School,11,20,31
3010570,Straid Primary School,37,29,66
3010572,Carrowreagh Primary School,53,34,87
3010594,Garryduff Primary School,44,32,76
3010631,Ballyclare Primary School,250,273,523
3010642,Parkgate Primary School,29,35,64
3010646,Olderfleet Primary School,102,79,181
3010696,Woodburn Primary School,101,89,190
3010714,Buick Memorial Primary School,170,150,320
3010726,Dunseverick Primary School,48,54,102
3010741,Creavery Primary School,38,42,80
3010745,Loanends Primary School,98,106,204
3010754,Doagh Primary School,36,51,87
3010779,Thompson Primary School,100,89,189
3010780,Kirkinriola Primary School,20,16,36
3010781,Harryville Primary School,68,61,129
3010785,"Eden Primary School, Carrickfergus",104,106,210
3010787,Lislagan Primary School,45,68,113
3010794,Gracehill Primary School,219,213,432
3010795,Landhead Primary School,32,31,63
3010796,"Eden Primary School, Ballymoney",36,30,66
3010802,Ballynure Primary School,70,69,139
3010804,Straidbilly Primary School,55,53,108
3010808,Glynn Primary School,39,40,79
3010809,Ballycarry Primary School,39,53,92
3010816,Randalstown Central Primary School,89,98,187
3010817,Greenisland Primary School,208,191,399
3010818,Moorfields Primary School,91,93,184
3010822,Groggan Primary School,66,64,130
3010825,Carnaghts Primary School,55,55,110
3010826,The Diamond Primary School,73,68,141
3010827,Whitehouse Primary School,224,237,461
3010828,Kilbride Primary School,73,67,140
3010829,Antrim Primary School,300,306,606
3010834,Clough Primary School,87,81,168
3010835,Kells & Connor Primary School,103,86,189
3010841,Carrickfergus Central Primary School,32,44,76
3010842,The William Pinkerton Memorial Primary School,42,49,91
3010846,Whiteabbey Primary School,226,185,411
3010847,Portrush Primary School,90,99,189
3010850,Upper Ballyboley Primary School,20,22,42
3010860,Sunnylands Primary School,85,82,167
3010862,Abbots Cross Primary School,167,148,315
3010870,Moyle Primary School,206,201,407
3010873,Bushmills Primary School,48,63,111
3010874,Whitehead Primary School,228,216,444
3010875,Ballymena Primary School,138,158,296
3010878,Kilmoyle Primary School,37,44,81
3010879,Straidhavern Primary School,27,25,52
3010880,"Kings Park Primary School, Newtownabbey",207,186,393
3010883,Linn Primary School,212,201,413
3010891,Fourtowns Primary School,145,149,294
3010892,Ballytober Primary School,52,35,87
3010893,Knockahollet Primary School,46,50,96
3010895,Rathcoole Primary School,62,63,125
3012049,Carnalridge Primary School,97,87,184
3012065,Culcrow Primary School,47,52,99
3012225,Damhead Primary School,107,99,206
3012229,Hezlett Primary School,141,107,248
3012233,Tobermore Primary School,27,25,52
3012234,Ampertaine Primary School,67,59,126
3012237,"Killowen Primary School, Coleraine",95,106,201
3012250,Portstewart Primary School,138,140,278
3012264,Millburn Primary School,178,173,351
3012267,Magherafelt Controlled Primary School,110,132,242
3012269,Kilrea Primary School,40,50,90
3012282,Culnady Primary School,13,13,26
3012284,D H Christie Memorial Primary School,223,202,425
3012288,Castleroe Primary School,50,60,110
3012290,Bellaghy Primary School,26,29,55
3012291,Maghera Primary School,48,52,100
3013301,Carnmoney Primary School,199,209,408
3013310,Broughshane Primary School,187,152,339
3013315,Ballykeel Primary School,202,231,433
3013322,Camphill Primary School,188,204,392
3013323,Mossgrove Primary School,151,144,295
3013325,Leaney Primary School,135,147,282
3013330,"Victoria Primary School, Carrickfergus",225,239,464
3013331,Ballycraigy Primary School,76,64,140
3013332,Toreagh Primary School,52,50,102
3013700,Macosquin Primary School,118,86,204
3013703,Kilross Primary School,16,24,40
3013704,Castledawson Primary School,42,52,94
3016005,Silverstream Primary School,67,77,144
3016014,Templepatrick Primary School,245,211,456
3016015,Mossley Primary School,311,311,622
3016037,Greystone Primary School,101,96,197
3016038,Hollybank Primary School,80,63,143
3016040,Armoy Primary School,41,48,89
3016052,Harpurs Hill Primary School,133,87,220
3016055,Gorran Primary School,40,41,81
3016058,Parkhall Primary School,98,104,202
3016063,Dunclug Primary School,36,31,67
3016119,Garvagh Primary School,45,34,79
3016125,Rasharkin Primary School,38,33,71
3016129,Carniny Primary School,149,138,287
3016170,Ballyhenry Primary School,88,71,159
3016225,Woodlawn Primary School,132,135,267
3016244,Ashgrove Primary,182,175,357
3016249,Earlview Primary,103,121,224
3016252,Ballysally Primary School,126,140,266
3016257,Oakfield Primary School,170,158,328
3016260,Cloughmills Primary School,36,29,65
3016264,Irish Society's Primary School,142,157,299
3016269,Cairncastle Primary School,60,55,115
3016283,Knockloughrim Primary School,58,53,111
3016414,Fairview Primary School,277,254,531
3016440,Portglenone Primary School,56,62,118
3016444,Hazelbank Primary School,60,54,114
3016447,Balnamore Primary School,45,58,103
3016594,Bushvalley Primary School,75,69,144
3016705,Islandmagee Primary School,55,54,109
3030434,Creggan Primary School,57,60,117
3030438,Millquarter Primary School,60,75,135
3030547,"St Patrick's Primary School, Portrush",37,42,79
3030588,"St Mary's Primary School, Rathlin",4,6,10
3030621,"St Mary's Primary School, Portglenone",108,114,222
3030688,Mount St Michael's Primary School,240,231,471
3030708,Glenann Primary School,37,31,68
3030719,St Olcan's Primary School,36,44,80
3030800,Barnish Primary School,23,22,45
3030815,Moneynick Primary School,25,38,63
3030832,"St Comgall's Primary School, Antrim",250,284,534
3030848,St Macnisius' Primary School,14,21,35
3030890,"St Brigid's Primary School, Cloughmills",38,31,69
3030894,"St Mary's Primary School, Cushendall",86,96,182
3030898,"St Anne's Primary School, Ballymena",36,28,64
3030899,"Seaview Primary School, Glenarm",22,18,40
3030900,"St Anthony's Primary School, Larne",52,49,101
3032018,"St Brigid's Primary School, Tirkane",101,104,205
3032104,Ballyhackett Primary School,25,19,44
3032109,New Row Primary School,89,85,174
3032185,St Trea's Primary School,64,50,114
3032197,Knocknagin Primary School,35,28,63
3032202,"St Columba's Primary School, Garvagh",61,43,104
3032205,"St Columb's Primary School, Magherafelt",42,45,87
3032218,Crossroads Primary School,67,54,121
3032231,"St Colum's Primary School, Portstewart",84,93,177
3032246,"St John Bosco Primary School, Ballynease",54,66,120
3032257,Anahorish Primary School,87,88,175
3032268,"St Columba's Primary School, Straw",102,84,186
3032271,St Eoghan's Primary School,64,57,121
3032273,"St Mary's Primary School, Draperstown",118,100,218
3032274,"St John's Primary School, Swatragh",106,100,206
3032275,Greenlough Primary School (St Mary's),96,90,186
3032281,"St Mary's Primary School, Bellaghy",115,104,219
3032285,St Patrick's & St Joseph's Primary School,99,78,177
3032297,"St Malachy's Primary School, Coleraine",121,103,224
3033303,"St Oliver Plunkett Primary School, Antrim",99,113,212
3033304,Tir-na-Nog Primary School,9,15,24
3033313,"St Bernard's Primary School, Newtownabbey",302,338,640
3033317,"St John's Primary School, Carnlough",73,95,168
3033320,"St Patrick's Primary School, Rasharkin",105,117,222
3033326,"St Brigid's Primary School, Ballymoney",95,108,203
3033709,"St John's Primary School, Coleraine",74,83,157
3036026,"St Joseph's Primary School, Crumlin",369,316,685
3036039,"St Mary's Primary School, Glenview",113,129,242
3036046,St Mary's-on-The-Hill Primary School,178,200,378
3036050,"St Joseph's Primary School, Antrim",168,148,316
3036100,"St James' Primary School and Nursery Unit, Newtownabbey",165,152,317
3036103,"St Brigid's Primary School, Knockloughrim",131,129,260
3036131,"St Patrick's Primary School, Glenariffe",65,45,110
3036139,"St Macnissi's Primary School, Newtownabbey",97,104,201
3036147,"St Columba's Primary School, Kilrea",121,126,247
3036154,"St Patrick's Primary School, Loughgiel",107,87,194
3036243,"St Joseph's Primary School, Dunloy",178,140,318
3036268,St Ciaran's Primary School,24,20,44
3036292,"St Patrick's Primary School, Glen",94,95,189
3036559,St Patrick's & St Brigid's Primary School,197,169,366
3036562,"Holy Family Primary School, Magherafelt",307,284,591
3036563,"St Nicholas' Primary School, Carrickfergus",82,96,178
3036575,"St Macnissi's Primary School, Larne",105,117,222
3036666,"St Colmcille's Primary School, Ballymena",190,193,383
3036679,"St Brigid's Primary School, Ballymena",213,194,407
3036683,"St Paul's Primary School, Ahoghill",34,40,74
3036704,Mary Queen of Peace Primary School,122,115,237
3042162,Desertmartin Primary School,8,12,20
3046653,Gaelscoil an Chaistil,60,53,113
3046678,Gaelscoil na Sp?ir?n?,35,14,49
3046684,Gaelscoil Ghleann Darach,46,28,74
3046685,Gaelscoil Eanna,94,80,174
3046691,Gaelscoil an tSeancha?,61,71,132
3050519,Carnlough Controlled Integrated Primary School,17,15,32
3050791,Glengormley Integrated Primary School,170,180,350
3050859,Crumlin Controlled Intergrated Primary School,80,86,166
3050866,Ballymoney Controlled Integrated Primary School,164,191,355
3052071,Carhill Integrated Primary School,31,40,71
3053333,Ballycastle Integrated Primary School,111,91,202
3056231,Six Mile Integrated Primary School,64,41,105
3056248,Round Tower Integrated Primary School,152,134,286
3056708,Mallusk Controlled Integrated Primary School,10,11,21
3066544,Millstrand Integrated Primary School,125,120,245
3066551,Braidside Integrated Primary School,156,158,314
3066561,Corran Integrated Primary School,77,82,159
3066568,Acorn Integrated Primary School,118,106,224
3066613,Spires Integrated Primary School,89,104,193
3066652,Maine Integrated Primary School,68,52,120
4010512,McKinney Primary School Dundrod,76,78,154
4010720,Ballycarrickmaddy Primary School,99,81,180
4010743,Largymore Primary School,99,77,176
4010762,Brownlee Primary School,97,103,200
4010788,Dunmurry Primary School,106,106,212
4010807,Lisburn Central Primary School,107,113,220
4010882,Seymour Hill Primary School,113,123,236
4010885,Tonagh Primary School,110,130,240
4011265,Ballyvester Primary School,65,58,123
4011300,Grey Abbey Primary School,45,48,93
4011310,Carrickmannon Primary School,51,52,103
4011345,Newtownards Model Primary School,210,200,410
4011373,Kirkistown Primary School,44,37,81
4011462,Castle Gardens Primary School,141,114,255
4011488,"Victoria Primary School, Ballyhalbert",78,63,141
4011507,Portavogie Primary School,146,115,261
4011566,Ballywalter Primary School,90,78,168
4011567,Ballynahinch Primary School,108,112,220
4011578,Derryboy Primary School,42,39,81
4011584,Carr Primary School,36,34,70
4011587,Dundonald Primary School,437,409,846
4011588,Comber Primary School,183,205,388
4011599,Castlewellan Primary School,28,23,51
4011606,Gilnahirk Primary School,214,208,422
4011608,Anahilt Primary School,73,68,141
4011619,Dromara Primary School,88,93,181
4011631,Holywood Primary School,228,230,458
4011632,Cregagh Primary School,92,86,178
4011645,Crawfordsburn Primary School,107,103,210
4011646,"Victoria Primary School, Newtownards",280,280,560
4011650,Ballyholme Primary School,338,290,628
4011654,Donaghadee Primary School,230,229,459
4011657,Lisnasharragh Primary School,161,173,334
4011670,Clandeboye Primary School,159,172,331
4011674,Knockbreda Primary School,91,104,195
4011681,Millisle Primary School,115,112,227
4011683,Braniel Primary School,213,224,437
4011698,Newcastle Primary School,90,97,187
4011699,Moneyrea Primary School,105,104,209
4013013,Belvoir Park Primary School,162,134,296
4013023,Bloomfield Primary School,225,222,447
4013024,Cairnshill Primary School,255,289,544
4013038,Tullycarnet Primary School,20,26,46
4013043,Lead Hill Primary School,76,64,140
4013044,Carryduff Primary School,116,87,203
4013045,Grange Park Primary School,212,198,410
4013046,Alexander Dickson Primary School,45,40,85
4013305,"Harmony Hill Primary School, Lisburn",333,299,632
4013334,Knockmore Primary School,117,75,192
4016002,Kilcooley Primary School,82,96,178
4016004,Londonderry Primary School,195,201,396
4016020,Carrowdore Primary School,79,97,176
4016067,Rathmore Primary School,328,311,639
4016083,West Winds Primary School,94,92,186
4016104,Moira Primary School,199,207,406
4016111,Towerview Primary School,224,206,430
4016123,Spa Primary School,90,96,186
4016126,Andrews Memorial Primary School,172,162,334
4016144,Old Warren Primary School,79,80,159
4016145,"Killowen Primary School, Lisburn",236,228,464
4016192,Kilmaine Primary School,349,329,678
4016201,Academy Primary School,203,244,447
4016202,Ballinderry Primary School,137,115,252
4016235,Downpatrick Primary School,112,101,213
4016396,Killinchy Primary School,178,180,358
4016399,Abbey Primary School,313,285,598
4016401,Pond Park Primary School,326,295,621
4016417,Maghaberry Primary School,145,130,275
4016430,Ballymagee Primary School,217,211,428
4016441,Ballymacash Primary School,224,211,435
4016503,Brooklands Primary School,302,254,556
4016615,Riverdale Primary School,106,100,206
4016636,Meadow Bridge Primary School,158,131,289
4016649,"Downshire Primary School,Hillsborough",345,304,649
4016650,Cumran Primary School,105,87,192
4016681,Glasswater Primary School,51,46,97
4030573,Ballymacward Primary School,36,30,66
4030823,Ballymacrickett Primary School,204,189,393
4030897,"St Joseph's Primary School, Lisburn",190,195,385
4031231,"St Joseph's Primary School, Ballycruttle",23,30,53
4031328,"Christ The King Primary School, Ballynahinch",57,55,112
4031350,"St Malachy's Primary School, Kilclief",32,43,75
4031485,St Caolan's Primary School,32,35,67
4031526,"St Patrick's Primary School, Saul",91,92,183
4031531,"St Francis' Primary School, Drumaroad",52,42,94
4031550,"St Joseph's Primary School, Crossgar",38,51,89
4031628,"St Patrick's Primary School, Holywood",152,143,295
4031660,"St Joseph's Primary School, Carryduff",244,239,483
4031662,"St Mary's Primary School, Comber",37,34,71
4031663,"St Joseph's Primary School, Carnacaville",106,89,195
4031665,"St Patrick's Primary School, Ballynahinch",146,136,282
4031671,"St Patrick's Primary School, Castlewellan",32,37,69
4031672,"St Mary's Primary School, Saintfield",34,23,57
4031673,"St Mary's Primary School, Ardglass",43,40,83
4031676,"St Bernard's Primary School, Belfast",228,201,429
4033002,"St Mary's Primary School, Aughlisnafin",80,87,167
4033005,"St Joseph's Primary School, Strangford",37,19,56
4033007,"St Macartan's Primary School, Downpatrick",101,96,197
4033008,"St Anne's Primary School, Donaghadee",23,20,43
4033012,The Holy Family Primary School,97,102,199
4033017,St Finian's Primary School,64,77,141
4033028,"St Patrick's Primary School, Portaferry",57,58,115
4033036,"St Mary's Primary School, Killyleagh",41,44,85
4033037,"St Joseph's Primary School, Tyrella",45,35,80
4033040,"St Brigid's Primary School, Downpatrick",124,154,278
4033306,St Aloysius Primary School,218,226,444
4033307,"St Colman's Primary School, Lisburn",210,185,395
4036016,"St Joseph's Primary School, Killough",27,32,59
4036036,"St Malachy's Primary School, Kilcoo",96,77,173
4036113,"St Nicholas' Primary School, Ardglass",62,61,123
4036133,"Sacred Heart Primary School, Dundrum",21,22,43
4036146,"St Comgall's Primary School, Bangor",164,145,309
4036148,"St Malachy's Primary School, Bangor",220,210,430
4036182,"St Colmcille's Primary School, Downpatrick",115,99,214
4036285,The Good Shepherd Primary School,167,144,311
4036428,"St Mary's Primary School, Kircubbin",78,76,154
4036454,"St Malachy's Primary School, Castlewellan",197,178,375
4036455,"St Patrick's Primary School, Legamaddy",75,76,151
4036480,St Kieran's Primary School,207,200,407
4036530,"St Mary's Primary School, Portaferry",105,100,205
4036591,Our Lady Queen of Peace Primary School,213,195,408
4036618,Christ the Redeemer Primary School,327,352,679
4036635,"St Mary's Primary School, Newcastle",208,204,412
4036642,St Ita's Primary School,330,331,661
4036693,Our Lady and St Patrick Primary School,241,225,466
4036702,Holy Evangelist Primary School,306,279,585
4046600,Scoil na Fuiseoige,60,72,132
4046648,Bunscoil Bheanna Boirche,46,52,98
4051569,Kircubbin Integrated Primary School,110,94,204
4051601,Portaferry Integrated Primary School,26,37,63
4051680,Bangor Central Integrated Primary School,299,308,607
4053009,Annsborough Primary School,20,19,39
4053020,Glencraig Integrated Primary School,109,106,215
4053308,Fort Hill Integrated Primary School,119,112,231
4056541,All Childrens Integrated Primary School,100,109,209
4056709,Killyleagh Primary School,44,55,99
4056710,Loughries Primary School,33,38,71
4066579,Loughview Integrated Primary School,244,223,467
4066588,Cedar Integrated Primary School,116,99,215
4066611,Oakwood Integrated Primary School,113,88,201
4066644,Millennium Integrated Primary School,181,156,337
4066668,Drumlins Integrated Primary School,102,81,183
4066682,Rowandale Integrated Primary School,128,115,243
4610063,Regent House Prep Dept,37,49,86
4620044,"Sullivan Upper School, Prep Dept",81,107,188
4620050,Friend's School Prep Dept,80,80,160
4620051,"Wallace High School, Prep Dept",68,58,126
5010909,Foley County Primary School,30,23,53
5010992,Lurgan Model Primary School,126,97,223
5011019,Mullaglass Primary School,31,51,82
5011095,Mullavilly Primary School,74,64,138
5011112,Hardy Memorial Primary School,227,205,432
5011115,Armstrong Primary School,259,255,514
5011116,Tandragee Primary School,165,176,341
5011117,Drumsallen Primary School,12,11,23
5011119,Darkley Primary School,39,32,71
5011124,"Kings Park Primary School, Lurgan",384,355,739
5011127,"Carrick Primary School, Lurgan",242,223,465
5011129,Hart Memorial Primary School,237,208,445
5011132,Killylea Primary School,34,25,59
5011137,Newtownhamilton Primary School,32,36,68
5011142,Clare Primary School,65,81,146
5011152,Kingsmills Primary School,22,16,38
5011153,Lisnadill Primary School,44,56,100
5011157,Derryhale Primary School,53,34,87
5011161,Mountnorris Primary School,43,47,90
5011165,Rich Mount Primary School,64,59,123
5011174,Birches Primary School,85,90,175
5011175,Cortamlet Primary School,47,48,95
5011179,Bessbrook Primary School,55,47,102
5011189,"Edenderry Primary School, Portadown",209,187,396
5011190,Tullygally Primary School,98,94,192
5011520,Dromore Road Primary School,50,42,92
5011575,Dromore Central Primary School,319,370,689
5011594,Abercorn Primary School,188,198,386
5011596,Gilford Primary School,41,50,91
5011598,Waringstown Primary School,216,213,429
5011602,Bleary Primary School,64,69,133
5011611,Iveagh Primary School,151,125,276
5011617,Ballydown Primary School,167,176,343
5011649,Kilkeel Primary School,237,207,444
5011651,Milltown Primary School,31,27,58
5011664,Scarva Primary School,50,35,85
5011684,Annalong Primary School,79,78,157
5011687,Maralin Village Primary School,149,152,301
5012280,Moneymore Primary School,124,108,232
5012538,Churchill Primary School,34,37,71
5012611,Lisfearty Primary School,17,10,27
5012615,Ballytrea Primary School,39,37,76
5012621,Aughnacloy Primary School,70,65,135
5012632,Donaghmore Primary School,39,21,60
5012635,Augher Central Primary,45,40,85
5012636,Moy Regional Primary School,40,35,75
5012643,Stewartstown Primary School,25,24,49
5012646,Howard Primary School,159,165,324
5012649,Coagh Primary School,46,41,87
5012657,Walker Memorial Primary School,35,32,67
5012696,Carntall Primary School,35,37,72
5012719,Newmills Primary School,39,46,85
5012720,Dungannon Primary School,157,110,267
5012726,Cookstown Primary School,250,222,472
5013019,"Edenderry Primary School, Banbridge",205,201,406
5013702,Woods Primary School,88,92,180
5016007,Millington Primary School,305,358,663
5016027,Drumhillery Primary School,44,42,86
5016065,Dickson Primary School,123,99,222
5016078,Poyntzpass Primary School,55,57,112
5016079,The Cope Primary School,55,55,110
5016080,Drumgor Primary School,184,148,332
5016088,Fivemiletown Primary School,101,87,188
5016098,Brackenagh West Primary School,88,83,171
5016117,Ballyoran Primary School,142,128,270
5016138,Bocombra Primary School,182,173,355
5016141,Churchtown Primary School,20,10,30
5016178,Donacloney Primary School,126,123,249
5016179,Hamiltonsbawn Primary School,45,63,108
5016200,"Queen Elizabeth II Primary School, Pomeroy",25,11,36
5016221,Orritor Primary School,99,100,199
5016224,Donaghey Primary School,47,37,84
5016391,Bush Primary School,91,130,221
5016436,Markethill Primary School,146,178,324
5016451,Windsor Hill Primary School,111,114,225
5016543,Moyallon Primary School,103,99,202
5016599,Fair Hill Primary School,168,162,330
5016612,Bronte Primary School,91,105,196
5016616,Drumadonnell Primary School,126,122,248
5016643,Richmond Primary School,58,59,117
5016658,Orchard County Primary School,91,94,185
5016680,Killyman Primary School,96,82,178
5030958,"St John's Primary School, Eglish",25,27,52
5030972,"St Oliver Plunkett's Primary School, Forkhill",87,56,143
5030975,"St Malachy's Primary School, Ballymoyer",32,37,69
5031070,"St Michael's Primary School, N'hamilton",43,28,71
5031080,Clintyclay Primary School,10,23,33
5031086,Clonalig Primary School,94,87,181
5031088,Dromintee Primary School,107,80,187
5031103,Tannaghmore Primary School,320,323,643
5031107,"St Teresa's Primary School, Tullyherron",18,32,50
5031108,Clea Primary School,49,48,97
5031110,Christian Brothers' Primary School,283,233,516
5031126,Mount St Catherine's Primary School,108,119,227
5031130,Cloughoge Primary School,227,222,449
5031133,"St Malachy's Primary School, Armagh",98,108,206
5031135,"St Olivers' Primary School, Carrickravaddy",31,22,53
5031138,"St Joseph's Primary School, Madden",63,72,135
5031146,Anamar Primary School,19,9,28
5031148,"St Patrick's Primary School, Crossmaglen",205,200,405
5031154,Killean Primary School,67,64,131
5031158,"St Patrick's Primary School, Newry",231,219,450
5031160,"St Teresa's Primary School, Lurgan",98,96,194
5031163,"St Brigid's Primary School, G'drummond",100,99,199
5031164,"St Mary's Primary School, Maghery",31,33,64
5031166,"St Michael's Primary School, Clady",29,20,49
5031167,"St James' Primary School, Drumatee",6,9,15
5031168,"St Patrick's Primary School, Aghacommon",130,108,238
5031169,"St Brigid's Primary School, Drumilly",63,58,121
5031172,"St Mary's Primary School, Granemore",96,114,210
5031176,"St Peter's Primary School, Cloughreagh",170,180,350
5031183,"St Patrick's Primary School, Armagh",269,236,505
5031184,"St Anthony's Primary School, Craigavon",346,343,689
5031188,"St Joseph's Primary School, Meigh",96,97,193
5031318,"Killowen Primary School, Rostrevor",26,39,65
5031325,"St Joseph's Primary School, Ballymartin",43,48,91
5031340,"St Joseph's Convent Primary School, Newry",261,236,497
5031516,Moneydarragh Primary School,44,38,82
5031558,Ballyholland Primary School,119,102,221
5031589,Grange Primary School,55,51,106
5031609,"Carrick Primary School, Warenpoint",206,194,400
5031653,"St Matthew's Primary School, Magheramayo",33,45,78
5031667,"St Patrick's Primary School, Maralin",71,70,141
5031669,"St John's Primary School, Gilford",68,53,121
5031694,"Holy Cross Primary School, Kilkeel",57,53,110
5031695,"St Mary's Primary School, Barr",75,77,152
5031697,"St Patrick's Primary School, Mayobridge",194,203,397
5032208,Ballylifford Primary School,38,27,65
5032262,Lissan Primary School,67,58,125
5032306,"St Malachy's Primary School, Glencull",36,22,58
5032387,Derrylatinee Primary School,40,39,79
5032463,Blessed Patrick O'loughran Primary School,49,36,85
5032558,Laghey Primary School,43,48,91
5032585,Edendork Primary School,152,165,317
5032591,Roan St Patrick's Primary School,58,63,121
5032592,"St Mary's Primary School, Lisbuoy",39,41,80
5032624,"St Macartan's Primary School, Clogher",27,34,61
5032678,"St Patrick's Primary School, Donaghmore",104,104,208
5032692,"St Mary's Primary School, Stewartstown",49,39,88
5032697,"St Patrick's Primary School, Aughadarragh",38,40,78
5032698,"St Brigid's Primary School, Mountjoy",61,67,128
5032699,"St Mary's Primary School, Dunamore",92,97,189
5032703,"St Peters' Primary School, Moortown",98,97,195
5032713,Derrychrin Primary School,81,78,159
5032714,"Holy Family Primary School, Aughamullan",36,28,64
5032715,"St John's Primary School, Moy",85,103,188
5032717,"St Patrick's Primary School, Mullinahoe",112,120,232
5032727,"St Brigid's Primary School, Augher",10,7,17
5032729,"St John's Primary School, Kingisland",67,67,134
5032734,"St Mary's Primary School, Cabra",106,93,199
5032735,"St Mary's Primary School, Ballygawley",63,56,119
5032736,"St Mary's Primary School, Fivemiletown",16,12,28
5033003,"St Paul's Primary School, Cabra",37,47,84
5033004,"St Mary's Primary School, Rathfriland",48,68,116
5033006,"St Michael's Primary School, Finnis",38,38,76
5033011,"St Mary's Primary School, Dechomet",45,38,83
5033025,"St Patrick's Primary School, Ballymaghery",169,158,327
5033324,"St Patrick's Primary School, Derrynaseer",56,46,102
5036000,"St Colman's Primary School, Dromore",59,47,106
5036001,"St Mary's Primary School, Glassdrumman",19,16,35
5036006,"St Mary's Primary School, Derrymore",81,86,167
5036009,"St Mary's Primary School, Derrytrasna",48,55,103
5036031,"St Patrick's Primary School, Loup",78,88,166
5036033,"St Joseph's Primary School, Galbally",114,107,221
5036043,"St Mary's Primary School, Banbridge",262,247,509
5036047,"St Patrick's Primary School, Annaghmore",115,118,233
5036057,"St Malachy's Primary School, Drumullan",32,24,56
5036061,"St Colman's Primary School, Annaclone",100,106,206
5036064,"St Malachy's Primary School, C'croppan",165,154,319
5036087,"St Mary's Primary School, Mullaghbawn",155,159,314
5036099,"St Patrick's Primary School, Cullyhanna",106,117,223
5036101,St Brendan's Primary School,241,223,464
5036108,"St Joseph's Primary School, Killeenan",49,59,108
5036110,"St Joseph's Primary School, Bessbrook",208,156,364
5036118,"St Mary's Primary School, Pomeroy",102,79,181
5036120,"St Patrick's Primary School, Moneymore",37,37,74
5036121,St Jarlath's Primary School,97,79,176
5036122,Jonesborough Primary School,60,48,108
5036130,St Laurence O'Toole's Primary School,26,35,61
5036136,"Sacred Heart Primary School, Rock",62,53,115
5036173,"St John the Baptist Primary School, Portadown",224,220,444
5036180,"St Oliver Plunkett's Primary School, Ballyhegan",46,61,107
5036363,"St Mary's Primary School, Aughnacloy",49,54,103
5036400,"St Colman's Primary School, Bann",63,63,126
5036409,"St Ronan's Primary School, Newry",203,194,397
5036433,"St Malachy's Primary School, Carnagat",145,155,300
5036457,"St Francis' Primary School, Aghaderg",77,91,168
5036463,"St Joseph's Primary School, Caledon",17,24,41
5036504,"St Patrick's Primary School, Dungannon",405,450,855
5036545,"St Colmans' Primary School, Kilkeel",121,102,223
5036567,"Holy Trinity Primary School, Cookstown",337,345,682
5036572,"St Colman's Primary School, Saval",102,96,198
5036583,"St Dallan's Primary School, Warrenpoint",249,257,506
5036586,Presentation Primary School,148,134,282
5036590,Primate Dixon Primary School,269,264,533
5036595,"St Peter's Primary School, Collegelands",80,70,150
5036598,"Our Lady's Primary School, Tullysaran",85,80,165
5036605,"St Patrick's Primary School, Drumgreenagh",37,39,76
5036610,St Francis' of  Assisi Primary School,81,89,170
5036622,"St John's Primary School, Middletown",98,98,196
5036633,"St Francis' Primary School, Lurgan",406,407,813
5036634,"St Clare's Abbey Primary School, Newry",241,259,500
5036639,Our Lady's and St Mochua's Primary School,100,87,187
5036673,St Bronagh's Primary School,86,101,187
5036675,St Joseph's and St James' Primary School,63,74,137
5046137,Seagoe Primary School,214,146,360
5046241,Drelincourt Infants School,17,9,26
5046597,Bunscoil an Iuir,40,49,89
5046637,Gaelscoil U? Neill,99,82,181
5046692,Gaelscoil Na mBeann,23,31,54
5046695,Gaelscoil Aodha Rua,49,57,106
5046699,Gaelscoil Eoghain,52,50,102
5056013,Kilbroney Integrated Primary School,79,76,155
5066540,Bridge Integrated Primary School,219,194,413
5066553,Portadown Integrated Primary School,174,185,359
5066554,Windmill Integrated Primary School,133,115,248
5066578,Saints & Scholars Int Primary School,124,115,239
5066657,Phoenix Integrated Primary School,103,112,215
5620263,Royal School,32,24,56
